0
0
0
23
22
3
2
2
1
5
3
10
3
3
11
7
7
7
19
11
8
36
36
15
7
22
23
7
15
10
4
16
22
23
6
18
4
37
18
1
14
14
7
23
7
39
10
10
4
35
12
23
23
16
16
25
34
22
25
25
10
10
6
23
18
7
30
22
18
3
21
9
10
4
14
16
6
8
5
5
10
41
21
2
3
3
3
13
34
23
20
20
8
15
41
24
10
4
0
16
17
17
17
15
14
14
17
1
19
22
5
4
22
5
16
10
4
4
40
16
16
23
18
22
23
22
39
22
10
17
17
17
19
46
9
46
15
42
14
16
14
4
41
22
19
29
10
10
16
7
4
27
27
6
6
21
24
24
10
6
10
10
10
4
7
23
23
41
33
0
0
35
11
14
26
40
17
18
12
12
4
13
13
1
14
16
5
5
7
7
4
23
15
13
4
12
19
6
10
15
3
23
8
24
5
5
15
0
39
41
8
19
34
8
3
1
15
13
30
7
1
1
10
10
4
33
3
3
17
3
20
13
4
4
4
18
11
11
11
11
8
12
32
5
17
17
17
15
12
14
18
20
3
16
6
46
46
46
14
22
22
10
12
24
34
6
5
16
6
23
22
5
1
6
16
7
7
25
30
4
13
13
15
1
16
16
16
14
5
4
6
48
47
9
6
12
8
11
17
14
10
10
10
39
44
44
0
17
22
28
7
14
7
7
7
18
18
17
24
40
9
10
16
4
5
7
7
20
23
2
20
3
10
6
22
10
21
9
14
6
3
4
29
24
4
14
12
30
1
14
4
7
24
2
24
4
4
5
23
14
15
14
15
13
6